Id,Predicted
1,-1.0642865262016177
2,-0.7712442397796365
3,-0.7778513577420372
4,-1.0419230788470517
5,-0.6915684646474174
6,-1.0711740829283323
7,-1.0851754328816863
8,-0.9516281714065055
9,-0.6056163479816368
10,-1.0051511696965825
11,-1.0490861001066527
12,-0.8220420129693486
13,-0.3752173027935506
14,-1.0819356503054316
15,-1.1604449070275542
16,-1.076392463249245
17,-1.0381727642614411
18,-0.9407761686641517
19,-0.8116692654991796
20,-0.27301505482319577
21,-1.062475533146808
22,-1.0075407234762501
23,-0.6423994048943172
24,-0.8931918018301539
25,-0.9827714169632066
26,-1.0523532904306423
27,-0.7165480871829228
28,-0.8671238261857631
29,-0.8982025981832289
30,-0.9288585429903704
31,-0.7147837459662512
32,-1.0051511696965825
33,-1.0003264057521155
34,-0.9849345222217423
35,-1.1026337971646296
36,-0.933672636446622
37,-0.8932544934322287
38,-1.0664867400302336
39,-0.3952325686383392
40,-1.0146018339129859
41,-1.0003264057521155
42,-0.7337704366214693
43,-1.1308485684937948
44,-1.0792024233861015
45,-1.0711740829283323
46,-1.0962716844177565
47,-0.5215927399265206
48,-0.9372069083342051
49,0.29031937887422155
50,-1.002505019116639
51,-1.076392463249245
52,-1.11841358910077
53,-1.0053574404328622
54,-0.721484054943145
55,-1.1050641243694714
56,-0.5360834755946758
57,-0.7147837459662512
58,-1.1357383326943542
59,-1.0003264057521155
60,-0.6522967125648749
61,-1.1005099604373236
62,-0.9589254950871673
63,-1.0434363929041175
64,-1.1168348087064799
65,-1.0067687998896515
66,-0.8180527832949587
67,-0.9129994981804708
68,-0.13508825816867598
69,-1.16840174214645
70,-0.6527696665428486
71,-1.0406947359502319
72,-1.0518803849362217
73,-0.9506931191005789
74,-0.9589254950871673
75,-0.8653894742298105
76,-0.5568637982244928
77,-0.6956930844407246
78,-0.8254368080325261
79,-1.1358210794794343
80,-0.32232026192896057
81,-0.9729647710172866
82,0.15057895408793587
83,-0.5707933690190545
84,-1.1785986647488431
85,-0.72233639864591
86,-0.68453605348607
87,-0.27301505482319577
88,0.6854162408802236
89,-0.6732631390733292
90,-0.9132942122854941
91,-0.8595628801590361
92,-0.8255423943000393
93,-0.23070238663146825
94,-1.0883047030019013
95,-1.0740781414741774
96,-0.7966053617300759
97,-0.9972469458708897
98,-1.0726708369569142
99,-0.9893162564057769
100,-0.9844734458233264
101,-1.1208022498284345
102,-0.3523648082322458
103,-1.0037255208543991
104,-1.0856899439198913
105,-0.5890559366888592
106,-0.9472517820058379
107,-0.9677537001572416
108,-0.7722340437196729
109,-0.8763267072230609
110,-0.3320290546420348
111,-1.0467125067518823
112,-0.7319093830792278
113,-1.052321971074854
114,-1.213703129550388
115,-0.6085592303938752
116,-0.8261691905999182
117,-0.9185002387339097
118,-0.7019107496407588
119,-0.7196051413316474
120,-0.4388727309685414
121,-0.7966053617300759
122,-1.042584193667226
123,-1.0824748140807094
124,-1.046699762849735
125,-0.9849345222217423
126,-0.933935546595591
127,-1.0404430865012928
128,-0.9941560965506079
129,-0.9132942122854941
130,-0.6854245343476792
131,-0.6056163479816368
132,-0.9530301436721378
133,-0.8721958691425103
134,-0.795753585611012
135,-0.8363268780513288
136,-0.7541354336913138
137,-0.959762632216944
138,-1.0637913224254667
139,-0.9233660054935615
140,0.514190499630909
141,-0.7036377324245608
142,-0.8513350778470937
143,-1.0467125067518823
144,0.2792413193501446
145,-0.5434812828677343
146,-0.975974885426768
147,-1.0343607486936268
148,-0.9626686401273495
149,-0.5688865842517599
150,0.19828628528794212
151,-0.5613712615018216
152,-0.9692521060317616
153,-1.009379197191273
154,-0.8440070684641148
155,-1.040954903319362
156,-0.47224810645347454
157,0.9225786672777991
158,-0.9729647710172866
159,-1.1067367635849288
160,-0.9844734458233264
161,-1.1767706298936274
162,-0.1705503372547259
163,-0.9637098263814865
164,-0.844063506487124
165,-0.8899022541380381
166,-0.7487511765488428
167,-0.896660514704998
168,-0.8332985870269755
169,-0.9644807459301948
170,-1.0721691074221633
171,-0.633586708547849
172,-1.1238283093312673
173,-0.8325297254959408
174,-0.9949757600572873
175,0.2045668038941384
176,-0.6707033426504041
177,-1.0414172730586162
178,-1.0414172730586162
179,-0.6798816533123978
180,-0.7966053617300759
181,-0.7675391793613449
182,-0.9833805386832473
183,-0.4317826872071324
184,-0.5781230573105463
185,-1.0530975627039205
186,-0.8757809372459324
187,-1.0155831825706199
188,-0.8916500633866771
189,-0.3185864042294947
190,-0.7991862736678095
191,-0.9606762675999361
192,-0.21255289474839245
193,-0.72233639864591
194,-0.9381530523617267
195,-1.0750346919958593
196,-1.0675566451284986
197,-0.6803180713564533
198,-0.9356921292451689
199,-0.8841574429222337
200,-0.38259910427348254
201,-0.8713325216054026
202,-1.0597546253659753
203,-0.9660853831234473
204,-1.11339193944155
205,-1.0052283602934624
206,-1.1138246037207995
207,-0.6482468025049335
208,-0.17190035695315775
209,-1.139109605367033
210,-1.083817222168706
211,-0.6396454601916481
212,-0.8213559743988168
213,-0.5174187779522761
214,-0.7950516793727845
215,-1.0679714627661183
216,-0.9893162564057769
217,-0.8739297580455906
218,-1.1495812453759422
219,-0.8884012529492126
220,-0.770205495906063
221,0.5579866765369856
222,-1.0804721178606458
223,-0.824906087834125
224,-0.9516307180774594
225,-0.6447625776998546
226,-0.9127103851307906
227,-0.7131518240258172
228,-0.7276111473761472
229,-0.7525844195061755
230,-0.7886622552406205
231,-0.7196051413316474
232,-1.0143687705098323
233,-0.8284645454626511
234,-0.8284645454626511
235,-1.0853603096796638
236,-1.0297337960654105
237,-0.9853518186214567
238,0.09140714854732734
239,-0.767552078219692
240,-0.6542283767680424
241,-0.85540273151143
242,-0.9671313638446833
243,-0.5511918605179057
244,-0.8050441842376798
245,-0.8387566843040994
246,-0.13508825816867598
247,-1.1745113719214022
248,0.06532217778403004
249,-0.4635382421438179
250,-0.9396838673905903
251,-0.7622186586082718
252,-1.003031388128504
253,-0.6522967125648749
254,-0.38584610687751897
255,-1.0632913686303238
256,-0.7915492102191124
257,-0.5845975314182867
258,-0.848420727411719
259,-0.9754504698609417
260,-0.9780290623798379
261,-0.9012018773962707
262,-0.9692521060317616
263,-0.3952325686383392
264,-0.8992145635004817
265,-0.990938176824517
266,-0.821763244003197
267,0.5579866765369856
268,-1.0124430933365207
269,-0.4377225248881358
270,-1.164586969245756
271,-1.0051511696965825
272,-0.6092703196269942
273,-0.7686073838999443
274,-1.1360419581742387
275,-1.0025287854350382
276,-0.5991857467404791
277,-0.6356580670421549
278,0.09140714854732734
279,0.09140714854732734
280,-1.0541011318923035
281,-1.0815322840789805
282,-0.31545238251630925
283,-0.7563960656487422
284,-0.5600311938629707
285,-1.0660160457258554
286,-0.9850189125018813
287,-0.9090284545938239
288,-0.6001078823070334
289,-0.8047861679737989
290,-0.7494836339824233
291,0.19828628528794212
292,-1.0073815333622744
293,-0.7530608968762849
294,-0.42860147298509255
295,-0.16681912495792883
296,-0.7406634865248438
297,-0.5905646222182668
298,-0.31957969402754094
299,-0.853984689377088
300,-1.051764517474378
301,-0.6158290903312615
302,-0.9512817132502772
303,-0.7396667690187586
304,-0.7449970148636134
305,-0.7861604188594015
306,-0.9757201001572176
307,-0.5568637982244928
308,-0.8916500633866771
309,-0.7797461755102887
310,-1.1976578558419788
311,-0.6681419560750588
312,0.41290712333498836
313,-0.6442204519858354
314,-0.8356431413947246
315,0.5067652872174118
316,-0.6497698880460987
317,-1.123794792181627
318,-0.9858974470234543
319,-0.8363268780513288
320,-1.084327074620664
321,-1.1631414131845763
322,-0.5321393564908732
323,-1.1360419581742387
324,-0.9906667890129393
325,-0.38238607102217514
326,-0.4243586542512193
327,-0.9797904871344161
328,-1.0370560619351858
329,-1.0651110167633697
330,-0.6881359631839687
331,-0.9953066414056352
332,-0.8757809372459324
333,-0.5315990047928116
334,-0.5769261143953204
335,-0.8908026684526793
336,-0.5506274699695424
337,-0.7950516793727845
338,-0.6403808964566271
339,-0.8068357888743461
340,-1.0000000000000095
341,-1.014870608099657
342,-0.5498733936564048
343,-0.21255289474839245
344,-0.7892396069265551
345,-1.1402105391968202
346,-0.6793691285728543
347,-0.9381530523617267
348,-0.9621704701550196
349,-0.6426188647188527
350,-1.0305329902654818
351,-0.6014854262966605
352,-1.0597546253659753
353,-0.8265781211742225
354,-1.1468908815828505
355,-1.0106758151775
356,-1.1363066441157776
357,-0.9473657824425957
358,-0.7139095949731764
359,-0.20388900413058408
360,-0.9089192506072322
361,-0.7919529645420159
362,-0.984706909676656
363,-1.0841929757078017
364,-1.1057639839641515
365,-1.0844611020500603
366,-0.7016119570357705
367,-0.6597230406770737
368,-1.046283421024236
369,-1.0838692010722273
370,-0.8171772070393748
371,-0.31927199973215836
372,-0.6396454601916481
373,-1.1616797912200214
374,-0.17466905027675572
375,-1.1897013474157168
376,-0.5981394468936451
377,-0.31602137977670985
378,-1.2158194831990388
379,-1.1611943299373784
380,-0.6285192384016185
381,-1.0491523088617174
382,-0.9770437706808084
383,-0.781136360007635
384,-0.9677660544141725
385,-1.0797650745244731
386,-0.959762632216944
387,0.14890191179545753
388,-0.2582209959281643
389,-1.0014891667560661
390,-1.0721691074221633
391,-1.1482472837381927
392,-1.0373961362464883
393,-1.0343607486936268
394,1.0000000000000024
395,-0.958727902602338
396,0.41290712333498836
397,-0.9169742058659069
398,-0.9631042226891792
399,-0.6823725987505315
400,-0.23882009146061067
401,-0.3130271269198339
402,-0.7192320556162664
403,-1.1232280348725672
404,-0.4728490063497929
405,-0.9396838673905903
406,-0.8972493924276409
407,-0.6982558273395327
408,-0.9703797740088291
409,-1.115974583557026
410,-0.5419158756958897
411,-1.0800826289449073
412,-1.0793162553420528
413,-0.9581884071725106
414,-1.1116896471360769
415,-0.9075021046046706
416,-1.0065384341687682
417,-1.0281815523380151
418,-0.8612686823680612
419,-0.9016845704766416
420,-1.006044663551258
421,-1.0576314150987436
422,-0.8096165420156229
423,-0.25568571623590974
424,-0.9277958326650934
425,-0.899832230157163
426,-0.47224810645347454
427,-1.021382202190972
428,-0.5492399708901761
429,-0.8853835804970388
430,0.7654806069180848
431,-0.9436729590411409
432,-1.1335920244465565
433,-1.0214364171858594
434,-0.9698251537261223
435,-0.7246377265814634
436,-0.4874594928616499
437,-1.0022387199843914
438,-0.7960611124947854
439,-0.9704383596054432
440,0.7511165425796391
441,-1.0529201173864602
442,-1.0022395342572596
443,-1.0560424721050352
444,-1.0366480800366196
445,-0.9921588539276541
446,-0.9515913966989631
447,-0.5421627685823571
448,-0.9066056912731959
449,-1.0148913464012916
450,-0.9496191042367089
451,-0.7683215945702837
452,-0.7127485821078436
453,-0.7861604188594015
454,-0.9020375411343675
455,-0.9388616222596307
456,0.25264328213272225
457,-0.8731505534469998
458,-1.1500525827948749
459,-1.075131447496529
460,-0.8356431413947246
461,-0.7471190568611894
462,-0.7038868895012977
463,-0.8718613841405449
464,-0.532830708775365
465,-0.6067681048877103
466,-0.9502751545460117
467,-1.0296422251744073
468,-0.9192681891197918
469,-1.1085352738638623
470,-0.9413442820558015
471,-0.43612749273927165
472,-1.097538249593487
473,0.5252238266906797
474,0.8919268477132893
475,-1.0927384585363218
476,-0.9957856439156737
477,-0.25130451604787796
478,-0.9682370765229497
479,-0.9829630908253185
480,-0.20422039222973543
481,-0.977194284480392
482,-1.0098290080011203
483,-0.8114206769714871
484,-0.7072351232863019
485,-1.1363066441157776
486,-0.9305541614080972
487,-1.0529201173864602
488,-0.9122870565748481
489,-1.0405350298844322
490,0.8127846601996902
491,-0.9922206994040392
492,-1.0055284669830438
493,-1.0132683230298651
494,-1.0079041289517248
495,-0.8165615586973696
496,-0.7612721616640193
497,-0.6801853217568912
498,-0.37382075458852404
499,-0.6491039106424146
500,-1.0648696421934756
501,-0.9176132852353941
502,-0.9488367081146277
503,-0.5537398883777709
504,-0.9335534006591567
505,-0.3313591424414264
506,-1.1138246037207995
507,-0.4324910006849991
508,-0.06223788478601067
509,-0.7991862736678095
510,-0.8204594581371139
511,-0.6789997350211265
512,-1.0438291965453836
513,-0.9226320667546307
514,-0.9789601617295779
515,-0.09612114036703923
516,-1.027233488374768
517,-0.6718205104898657
518,-0.8176437779557919
519,-0.8802114042956861
520,-0.7892396069265551
521,-0.6318938211260073
522,-1.0000000000000047
523,0.2792413193501446
524,-0.8495597347062396
525,-0.7456245600243903
526,-0.6682618898694042
527,-1.1363066441157776
528,-1.0110933219034277
529,-0.9841841618341598
530,-1.0117333315841157
531,-1.0800208740172987
532,-1.052353290430643
533,-0.3224653659088147
534,-0.879761436562002
535,-1.0355460343891942
536,-0.6502567165489201
537,-0.8961728020131633
538,-1.0571433224012974
539,-0.8283255916011117
540,-0.6538341631862308
541,-0.7627808556394788
542,-0.9053059888946295
543,-1.1270132996322872
544,-0.9999999999999716
545,-1.005082986933218
546,-0.5322368862930541
547,-1.1480571253540446
548,-0.7188690622027921
549,-0.5401542289097305
550,-0.6820263178613315
551,-0.6669717794458049
552,-1.0841929757078017
553,0.37995311356406214
554,-0.743626566674479
555,-0.9737824747396006
556,-1.1208022498284345
557,-0.1705503372547259
558,-0.6625718351823141
559,-1.1751463336223669
560,-0.4831103628173998
561,-0.9797904871344161
562,-0.5507341516912216
563,-0.14346497969126837
564,-0.34733909922915973
565,-0.9854776825675965
566,-0.4706579154127817
567,-0.4973526073879242
568,-0.8679052905462944
569,-1.0800208740172987
570,-0.9714715425782979
571,-1.0132683230298651
572,-1.0459582614858247
573,-1.0366935630265632
574,-0.5674099406858817
575,-1.0476950012971056
576,-0.5506274699695424
577,0.371930301678431
578,-0.9999999999999938
579,-0.13610223208326122
580,-0.9568873076837406
581,0.0014870632617046686
582,-0.7457172729518716
583,0.07196239411360184
584,-1.0891311489125717
585,-0.6669717794458049
586,0.1670579883622958
587,-0.4831103628173998
588,-1.0098631737622965
589,-0.9999999999999908
590,-1.0787313002522438
591,-0.9170028943182722
592,-0.7892031915687041
593,-1.0914897400614287
594,-0.9501639812408152
595,-0.31501921136380906
596,0.273782904719011
597,-0.8837070770103194
598,-1.0740527223249354
599,-0.7629062981776085
600,-1.1874134177134215
601,0.40726372346381123
602,0.3267424473965652
603,-0.8961517737443153
604,-1.0360431336741356
605,-0.5670175496393883
606,0.18656310351849115
607,-0.7543232760815292
608,-0.7133488267606787
609,-0.6318791520030838
610,-1.205906348614088
611,-0.7887810213364777
612,-0.7934847871232671
613,-0.4462702315836851
614,-0.9719192828411639
615,-0.8273381634588443
616,-1.0998903652249468
617,-0.8495468493706907
618,-0.9473657824425957
619,-0.03100036597301492
620,-0.4330209180899207
621,-0.7887151688861989
622,-0.21174715149879764
623,-0.8718613841405449
624,-0.9886440743622478
625,-1.0025287854350382
626,-0.999999999999993
627,-0.7211989165148255
628,-0.356647016767382
629,-1.0549413469983324
630,-0.8265781211742225
631,-0.8204594581371139
632,-0.9999999999999856
633,-1.0286411730836422
634,-0.3333506398099997
635,-0.3245463473830832
636,-1.1363066441157776
637,-1.0634390323248457
638,-0.8698845620623572
639,-0.7622339073558466
640,-0.7139095949731764
641,-0.9999999999999838
642,-1.0849288298569866
643,-1.020633405177189
644,-1.083881665632017
645,-1.2260395785527902
646,-0.9835001746788617
647,0.07271419949812863
648,-0.9999999999999932
649,-0.9953066414056352
650,-0.9770437706808084
651,-0.7999578004765562
652,-0.49212111598583164
653,-0.4799189630286783
654,-1.046102270726517
655,-1.2158194831990388
656,-0.9748378776619189
657,-0.8952641919260483
658,-0.10037726113832302
659,-0.6600172215520675
660,-0.9599578785109094
661,-1.070369166591627
662,-0.9036689639754538
663,0.9544863865508828
664,-1.1129515134927355
665,-1.055893908895389
666,-1.0750080410478817
667,-1.0274465021050305
668,-1.0846789325380788
669,-0.8541703880742029
670,-0.9379050862355783
671,-0.8524804906295451
672,-0.37399277659524566
673,1.0000000000000218
674,-1.0588640842538033
675,-0.9222361179637311
676,-0.8768248106608759
677,-0.2759691196879642
678,-0.9999999999999876
679,-0.8932123141019908
680,-0.661778893373903
681,-1.0537080867560933
682,-1.0366480800366196
683,-0.08518404339682284
684,-0.8432001500560673
685,-1.044498639508265
686,-0.5724627787347258
687,-0.6422328713768262
688,-0.9147916232092453
689,0.25264328213272225
690,-0.7126809589525982
691,0.7654806069180848
692,-0.8199816590851401
693,-0.5954547637601484
694,0.02975043573173386
695,-0.9682370765229497
696,-0.33836717211461487
697,-0.5594888786752341
698,-0.7873022225564044
699,-0.6598824968971846
700,-0.9141282245972228
701,-0.6589069416075259
702,-0.9485861364082661
703,-0.9999999999999862
704,-0.9988306304061912
705,-0.8653615756415383
706,-0.9037787547929336
707,-0.875306942878379
708,-0.5380942861320459
709,-1.0476020138859006
710,-0.8908026684526793
711,-1.031660697455959
712,-0.9615518033783479
713,-0.7276111473761472
714,-0.697108236327112
715,-0.4707760143604836
716,-0.9488531256162042
717,-0.7877175858833445
718,-0.6858116556118361
719,-1.089873814041545
720,-0.8849855028733756
721,-0.9567238598146669
722,-0.62286512703617
723,-0.3516784041314285
724,-0.25636149179094136
725,-1.077265691821542
726,-1.0584541537142196
727,0.5738413898779622
728,-1.0493725414795152
729,-1.0421488721595604
730,-0.6718205104898657
731,-0.7273773965953891
732,-0.6498478681254984
733,-0.7709782748524063
734,-0.39807300471728413
735,-0.6814327413861756
736,-1.058990628973996
737,-1.1169056879848231
738,-0.844063506487124
739,-0.9999999999999791
740,-0.9816531786668781
741,-0.9057108390899855
742,-0.9787577729036802
743,-0.661778893373903
744,-0.7576018730824762
745,-0.38251679613016987
746,-1.0537080867560933
747,-1.0175427918112259
748,-0.9268903507570202
749,-1.0420655703897412
750,-0.988121879301732
751,-0.4535064049096612
752,0.273782904719011
753,-1.0648131376657806
754,-1.0284572496542157
755,-0.7149087244113015
756,-0.9176132852353941
757,-0.9753929928917784
758,-1.0331544886696102
759,-0.5719973089943078
760,-0.572330929117266
761,-1.1278088328555977
762,-0.9999999999999926
763,-0.8455108121603745
764,-0.6874409770825
765,-1.0885074176244218
766,-0.9816083790266505
767,-0.46691121896127696
768,-0.9132748186538074
769,-0.8799852295842991
770,-0.8636687105996335
771,-0.6527230268098216
772,-1.044882257178711
773,-0.8133256052264528
774,-0.8721958691425103
775,-1.001281825612319
776,-1.0161097065724534
777,-0.605926408676851
778,-1.2382995741993605
779,-0.7030053281211444
780,-0.4059120023390017
781,-0.9240234618488645
782,-0.9999999999999808
783,-0.33836717211461487
784,-0.33836717211461487
785,-0.31475430588549524
786,-0.7960611124947854
787,-0.8143908985976472
788,-1.0577739883519344
789,-1.0220300004836878
790,-1.0530975627039205
791,-0.6636983599959505
792,-0.9562473546009334
793,-1.0305329902654818
794,-1.0478581212090787
795,-0.9878974901725361
796,-1.0543320165876964
797,-0.9660662802238641
798,-1.160642289710078
799,-0.9302207563509745
800,-1.1205225072893923
801,-1.0474610997896154
802,-1.0178312181221105
803,-0.9683871336277291
804,-0.8589475889269931
805,-1.0768876625538866
806,-0.8395848743328571
807,-0.9480945030950386
808,-0.7038868895012977
809,-0.6852572566054214
810,-0.86126410807296
811,-0.9413106283729281
812,-0.9304243712291155
813,-0.203790050750564
814,-1.000805428908356
815,0.92159648842976
816,-1.0841929757078017
817,-0.9999999999999707
818,-1.046646415866635
819,-0.9094264304588723
820,-0.7421921297112928
821,-1.0597761237639847
822,-1.1169056879848231
823,-0.9999999999999992
824,-0.25130451604787796
825,-0.7705819882631664
826,-0.4462702315836851
827,-1.0374212384571924
828,-0.7960611124947854
829,0.10071352467446393
830,-0.7881015168894481
831,-0.8434385432439396
832,-0.7530443501796864
833,-1.0478581212090787
834,-0.7655906181791734
835,-0.8155568862400896
836,-0.2127922416673873
837,-0.20260517334650996
838,-0.8090364677705808
839,-0.9999999999999954
840,-1.1913193709024406
841,-1.1707486285931001
842,-0.6294086033776409
843,-0.9677660544141725
844,-0.5455104644171626
845,-1.0232529362550709
846,-0.8047861679737989
847,-1.1733744955937158
848,-0.6978795116541712
849,-1.0386992876461487
850,-0.7775470408807638
851,-0.99817641162319
852,-0.8855416956680797
853,-0.8953112894670628
854,-0.9089192506072322
855,-1.0454375152907631
856,-0.7813166825627093
857,-0.8811122406866123
858,0.3267424473965652
859,-0.2193165944216976
860,-0.851754774930274
861,-1.117241293519048
862,-0.8370698073253513
863,-0.9429594931233325
864,-0.9153537744647294
865,-1.026493302231762
866,-0.8721958691425103
867,-0.9427574475532308
868,-1.0759922526065326
869,-1.0458159437807335
870,-1.0928141604742232
871,-0.9464585572252265
872,-1.0554626009714123
873,-1.0240617889728347
874,-0.9831770623722177
875,-0.4009166260297058
876,-0.7849060138096511
877,-0.8099656434179178
878,-0.8032371065409432
879,-0.9999999999999912
880,-0.9835001746788617
881,-1.0141651767302422
882,-0.5296372754194509
883,0.23965373077660668
884,-0.8105525671483726
885,-1.0079400421765443
886,-0.8871910216639826
887,-0.9759635255982021
888,-1.040493007249233
889,-0.9468289700420784
890,-0.9714715425782979
891,-1.0132683230298651
892,-1.213703129550388
893,-0.771878410417481
894,-1.072040490361641
895,-0.8052722175661915
896,-1.0612141268416833
897,-1.1239378683919825
898,-0.6291198658946502
899,-0.8507089129284963
900,-1.0740527223249354
901,-1.2227629126522412
902,-0.7703409243375003
903,-0.9999999999999823
904,-0.9361855319245294
905,-0.9999999999999953
906,-0.9295711522761295
907,-0.9999999999999813
908,-0.5871752468298377
909,-0.5426960365892204
910,-1.0511418041768688
911,-1.079065159492819
912,-0.922204044138882
913,-0.7038868895012977
914,-0.9999999999999725
915,-0.32128488489447704
916,-0.9479985590709167
917,-0.7568959560230625
918,-0.3669150582271591
919,1.0000000000000262
920,-1.0374331494069642
921,0.12176219485691475
922,-0.9999999999999856
923,-0.9631621914443869
924,-0.9984483760036039
925,-0.8787364657320654
926,-1.0485914229859632
927,-1.1021035926282265
928,-0.299244491893046
929,-0.5958419011687841
930,-0.6285192384016185
931,-1.093108621922301
932,-0.5440252498731115
933,-0.721422088132808
934,-0.682011328166707
935,-1.09022286803619
936,-0.9367041672633571
937,-0.9367041672633571
938,-1.0229178092880604
939,-0.8289529539563792
940,-0.844063506487124
941,-0.02628066612133062
942,-1.224805573317403
943,-0.18808988976791852
944,-0.7517855898710226
945,-0.5165416813909502
946,-0.9863761487505455
947,-0.7576018730824762
948,-1.0055284669830438
949,-0.9921588539276541
950,-0.5623746959
951,-0.8220420129693486
952,-1.0000000000000009
953,-0.9792543807244906
954,-0.8090364677705808
955,-0.629603365526787
956,-0.953346319206491
957,-1.1013780433821585
958,-0.7431906281662993
959,0.10817222115844038
960,-0.8581045403719829
961,-0.9999999999999953
962,-0.23612626933523007
963,-0.5875728254672693
964,-0.15576357863746448
965,-0.5460399265726192
966,-1.1135205875802323
967,-0.6497698880460987
968,-1.0354394095612587
969,0.999999999999974
970,-0.8199816590851401
971,-0.8653854533999914
972,-1.0524870048550288
973,-0.6522298498526966
974,-1.1222003925502342
975,0.06676703552228935
976,-0.934917709792674
977,-0.687765457031688
978,-0.9840415059471704
979,-1.0583632576140192
980,-0.7134315483537339
981,-0.6724221417004158
982,-0.6283519924348675
983,-0.6494988329853875
984,-0.9232018385719787
985,-0.3135914873928566
986,-0.35965289829928837
987,-0.5564053504415982
988,-0.5600311938629707
989,-1.0308851598029547
990,-0.9378840300380624
991,-0.977050081823598
992,-1.0484668533408845
993,-1.1453267294115723
994,-1.1138246037207995
995,-0.636705401818377
996,-0.7104105840036796
997,-0.9581524329035065
998,-1.0333688613246048
999,-1.0333688613246048
1000,-0.9694710907274844
1001,-0.9282448605828216
1002,-1.1134081422205913
1003,-0.5975464497009249
1004,0.28391944745749975
1005,-0.17319174636241297
1006,-0.5324765366363391
1007,-0.44781746511751025
1008,-1.0541496380533042
1009,-1.0642130603084627
1010,-1.1279242783184638
1011,-0.9999999999999992
1012,-0.5566336780949714
1013,-1.0148838721584792
1014,-0.9217621112627586
1015,-1.0821709495303085
1016,-1.0067710458356538
1017,0.9999999999999909
1018,-0.9268903507570202
1019,-0.778696858574319
1020,-0.10037726113832302
1021,-0.8977582630980409
1022,-0.6570961032704523
1023,-1.1368555522033854
1024,-0.614007954977372
1025,-0.9999999999999619
1026,-0.8924845613980784
1027,-0.8968258485241766
1028,0.9941011027643898
1029,0.29912278598368314
1030,-1.0116981331431685
1031,-1.1379063487301242
1032,-0.9637129932829369
1033,-0.9999999999999658
1034,-0.9956924742982697
1035,-0.39222437922237074
1036,-0.29827919433344596
1037,-0.6773222148382925
1038,-0.8144511476015419
1039,-1.0458159437807335
1040,-1.0649341536940988
1041,-0.46836483728833345
1042,1.0000000000000133
1043,-0.8137517484835384
1044,-0.8135993201345739
1045,-1.0160529770596587
1046,-1.0376146119427847
1047,-0.9186139303891379
1048,-0.6369280163519218
1049,-0.015491083598459188
1050,-1.0987401173747764
1051,-0.9811605451981561
1052,-0.9999999999999942
1053,0.6493644679698529
1054,-0.9999999999999958
1055,0.3925799993197976
1056,-0.9599578785109094
1057,-0.9282448605828216
1058,-0.9999999999999751
1059,-1.0802941453105828
1060,0.14362126950713683
1061,-0.30628772275712357
1062,-1.1029550334515934
1063,-0.310406671929477
1064,-0.9999999999999927
1065,-0.682011328166707
1066,-0.9999999999999908
1067,-1.115978830175595
1068,-0.9113496713710229
1069,-0.8952641919260483
1070,-0.8600874849294639
1071,-0.996438840372099
1072,-0.9999999999999725
1073,-1.113869484342973
1074,-1.0108817426594354
1075,-0.563355448596742
1076,-0.9631621914443869
1077,-0.9800718536434426
1078,-0.9318128296447183
1079,-0.9999999999999866
1080,-0.737004170978477
1081,-0.9513508774875535
1082,-0.9668067702093022
1083,-1.0117641017304053
1084,-0.9968093998857567
1085,-0.5531247981248848
1086,0.4343063285445654
1087,0.4343063285445654
1088,-1.0416718677115977
1089,-1.0886901402027909
1090,-0.27839306251365903
1091,-1.1239378683919825
1092,0.3431990399965341
1093,-0.9999999999999999
1094,0.6305157857802046
1095,-1.1612087619543443
1096,-1.0199500973844944
1097,-1.1128149816315993
1098,-0.9580601858934934
1099,-1.1611943299373784
1100,-1.1982754832871116
1101,-1.0497725443640809
1102,0.8746827085227462
1103,0.6510221654747543
1104,-0.7960400017851365
1105,-1.0366935630265632
1106,-0.9584863554578796
1107,-0.7131518240258172
1108,-0.9906177726780716
1109,-1.0522394909207526
1110,-0.9345075177190804
1111,-0.8932332766115827
1112,-0.518433892886333
1113,-0.7447108594593068
1114,-1.037071582096287
1115,-0.538556775615833
1116,-1.1155779115008155
1117,-0.7999814413487268
1118,-0.5185696633121035
1119,-0.18617044963619378
1120,-0.9113755219004958
1121,-0.6689332416399221
1122,-0.7987466666360419
1123,-0.590870418928086
1124,-1.066039699946718
1125,-0.20685271174290665
1126,-1.1511108749234291
1127,-0.25130451604787796
1128,0.45233347913370703
1129,-0.9919475093142769
1130,-0.8883346259273295
1131,-1.0533855332630877
1132,-0.9675303026889668
1133,-1.0522187406674015
1134,-0.9824602681498631
1135,-0.9999999999999852
1136,-0.9436620962450338
1137,-0.5953518723450153
1138,-0.9940025252822191
1139,-1.023035890541678
1140,-0.19872439073034864
1141,-0.7842000596101102
1142,-0.6956054497878408
1143,-0.5474624497025702
1144,-0.7508105480988159
1145,-0.5877859881113414
1146,-0.6779250765472311
1147,-0.9562367935900754
1148,0.6508482256129076
1149,-0.6831240787416888
1150,-0.917512609739121
1151,-0.758179380658412
1152,-0.698875677771035
1153,-0.9717738590634449
1154,-0.8774410231913058
1155,-1.0438291965453836
1156,-0.9523070884999554
1157,-0.8115159672174772
1158,-1.0330402416565383
1159,-0.7384669826648679
1160,-0.743626566674479
1161,-1.031038913072704
1162,-0.3032660915923996
1163,-0.9802922152688884
1164,-0.7401661053995943
1165,-0.8928345274988085
1166,-0.7017251162606802
1167,-1.001929289918588
1168,-0.9483720871290403
1169,-1.004912675452317
1170,-0.8493849582206707
1171,-0.9847553478546355
1172,-1.0009122001656783
1173,-0.999999999999973
1174,-1.0719016110401987
1175,-0.9717387991458808
1176,-1.0627294421589086
1177,-0.766076079116742
1178,-1.027942442400704
1179,-1.1116896471360769
1180,-0.7942100714842664
1181,-0.958950647111318
1182,-1.0446845898622383
1183,-0.6248987447599952
1184,-0.19872439073034864
1185,-0.9738915370838136
1186,-0.4535064049096612
1187,0.18156299675247212
1188,-1.0263237111034442
1189,-0.9633847978640735
1190,-1.092550992469958
1191,-1.1934188993621169
1192,-0.9999999999999846
1193,-0.8941583777639607
1194,-0.9218140905869456
1195,0.5348252090123986
1196,0.8068788547612307
1197,-0.7564749028837294
1198,-0.5930541228668562
1199,-0.8023909705152497
1200,-0.19782211132682892
1201,0.11497710862588817
1202,-0.7287207501038226
1203,-1.0187979605750055
1204,-1.1877195470623705
1205,-0.9603052335280486
1206,-0.5615336748034092
1207,-0.6605938229926681
1208,-0.800057174928006
1209,-0.7617929589924217
1210,-1.0927384585363218
1211,-1.0618935594900984
1212,-0.9846847803811503
1213,-1.0154795173665057
1214,-0.7540198551067022
1215,-1.1454409416770321
1216,-0.9999999999999867
1217,-1.0374212384571924
1218,-0.9674974345103209
1219,-1.011972867673805
1220,-1.0364993678627885
1221,-1.0382708485130974
1222,-0.9999999999999907
1223,-0.5472663347781059
1224,-0.766076079116742
1225,-1.000000000000001
1226,-1.056968629849674
1227,-0.3182302875703188
1228,-0.5474624497025702
1229,-0.8571665952168208
1230,-1.039851303520824
1231,-0.9047580160216319
1232,-1.0028728017035142
1233,-1.064483999345557
1234,-0.3800119171762675
1235,-1.0382303135640794
1236,-1.160642289710078
1237,-0.9174583395299603
1238,-0.9293160157744221
1239,-0.639893856097639
1240,-0.6001078823070334
1241,-0.9242962376926052
1242,-0.9741951078892725
1243,-0.9239968891351543
1244,-1.0000000000000153
1245,-0.7190580249489591
1246,-0.7809660639622016
1247,-0.9613222561957677
1248,-1.0662847966860598
1249,-0.983146306139965
1250,-1.0270032500112234
1251,0.061229628059651375
1252,0.21923172824504444
1253,-0.501702121205026
1254,0.9999999999999905
1255,-0.9999999999999662
1256,0.3300419117815201
1257,-0.9570903420432356
1258,-1.0720627359265154
1259,-0.9999999999999929
1260,-0.7319418160277331
1261,-0.6731283709316683
1262,-0.23354604124701084
1263,-0.9097177131592288
1264,-1.074915421284324
1265,-0.9956068212895504
1266,-0.9473425375366515
1267,-0.7635201209423894
1268,-1.0403504351819075
1269,-1.0381191761558628
1270,-1.02462454450014
1271,-1.02462454450014
1272,-0.9999999999999872
1273,-1.058990628973996
1274,0.14015052412775852
1275,-0.7847058890395167
1276,-0.9663976197360331
1277,-0.44275638759011726
1278,-1.0873085211838858
1279,-0.999999999999993
1280,-0.9043027922381681
1281,-0.4880840708346287
1282,-1.0148838721584792
1283,-0.9602974199001666
1284,-0.9043477920007428
1285,-0.7211989165148255
1286,-0.5849459555248329
1287,-0.9286935734413865
1288,-1.0651110167633697
1289,-0.9281220499450884
1290,-0.7680843834468251
1291,-0.9031906249729517
1292,-0.9458601631842672
1293,-1.0325763261925833
1294,-0.6281881632639781
1295,-1.0497154083222817
1296,-0.8347103836974779
1297,-1.0121869024986523
1298,-1.0659626948303136
1299,-1.1155779115008155
1300,0.5968557730343376
1301,-1.0301596339222743
1302,-0.7873699333606894
1303,-0.6415510362150859
1304,-1.0079124942214375
1305,0.9999999999999936
1306,0.6471585294472819
1307,-1.1528598308853542
1308,-0.9892983445648121
1309,-1.0235822542871527
1310,-0.6728984644079228
1311,-0.9839930723288983
1312,-0.8333009327408695
1313,-1.129697158440648
1314,-0.8620828001822464
1315,-0.9770976879676441
1316,-0.9384462387087317
1317,-0.9817996988595314
1318,-0.9999999999999972
1319,-1.0581595705016262
1320,0.6560535812146768
1321,-0.710702886164162
1322,-0.9999999999999875
1323,-0.9999999999999779
1324,0.41290712333498836
1325,-0.9653148297797451
1326,-1.0854089138900895
1327,-0.9999999999999816
1328,-1.1320067387532329
1329,-1.0220891653836828
1330,-0.9479985590709167
1331,-0.6522385875055836
1332,-0.9999999999999893
1333,-0.9089735004600188
1334,-0.9871068971182686
1335,-1.1343209178702698
1336,-1.0318636084105421
1337,-1.1545384944973185
1338,-1.003825969821134
1339,-0.9557476045023318
1340,-0.7002782520055884
1341,-0.9898426036179514
1342,-0.7865746346986144
1343,0.010542151833948465
1344,-0.8414528333511204
1345,-0.8589140218794417
1346,-0.9840522091621144
1347,-0.6953200004911798
1348,-1.051170657091285
1349,-1.1022624102903231
1350,-0.9856564706708641
1351,0.7328869899708137
1352,-1.0154432181183746
1353,-0.33309977280100234
1354,-0.34517493063598204
1355,-1.0180837126505937
1356,-1.221306578335072
1357,-0.7407685907384841
1358,-0.9367041672633571
1359,-1.1400858279538446
1360,-1.2229884405594253
1361,-0.4347767058155404
1362,-0.9190524232823569
1363,-0.4649973783541041
1364,-0.8543915659032137
1365,-1.0000000000000107
1366,-1.0148838721584792
1367,-0.8607749529208767
1368,-0.7881888155518183
1369,-0.8650085953614907
1370,-0.6350333407206068
1371,-1.0026312954398342
1372,-0.9330472686711815
1373,-1.0257121521450014
1374,-0.7375462716800618
1375,-0.9804302359365938
1376,-0.8750788726249175
1377,-1.181581470319169
1378,-0.7016119570357705
1379,-0.9476768508161855
1380,-1.0655166566796166
1381,-1.0399590456402528
1382,-0.984401957136126
1383,-0.7263673288641626
1384,-0.5609488256677231
1385,-0.8653769727931093
1386,-0.998887340335596
1387,-0.8964318307107769
1388,-1.0530975627039205
1389,0.7384171084078057
1390,-0.7516276449177699
1391,-0.8235846084544961
1392,0.7968279114670451
1393,-1.0677460753619181
1394,-0.14792018404827267
1395,-1.0758219526592625
1396,-0.24883887966762508
1397,-1.011663735483947
1398,-0.6155640865587884
1399,-1.0212510367268501
1400,-0.758506732528883
1401,-1.0267938540179375
1402,-1.0107989035094485
1403,-0.1244171924700277
1404,-0.8279455882280015
1405,-0.9894038680560477
1406,-1.06542052334596
1407,-1.0040260545466029
1408,-0.853984689377088
1409,-0.7620899071058578
1410,-0.9801611027736548
1411,-0.9999999999999978
1412,-0.7822856913539855
1413,-0.9999999999999849
1414,0.056492578116768
1415,-0.33795828643582704
1416,-0.507404513988219
1417,-0.7877563219234964
1418,-1.1024388973249566
1419,-0.9589347108667261
1420,-0.5528614455688868
1421,-0.6454005236304431
1422,-0.8548264509491684
1423,-0.9999999999999886
1424,-0.9619120727511706
1425,-0.43090254221046365
1426,-0.7173436350531687
1427,-1.0935363033681438
1428,-1.0026498249286437
1429,-1.0851976231018023
1430,-1.1707486285931001
1431,-1.0588303612723657
1432,-1.1137261562160519
1433,-1.1913075274909222
1434,-0.8056556447173135
1435,-1.0010746764519516
1436,0.10817222115844038
1437,-0.03100036597301492
1438,-0.7671240369951882
1439,-0.8774580950212838
1440,-1.032034384965159
1441,-1.098607107949615
1442,-1.1379150002844387
1443,-0.8934364877337239
1444,-1.0488940389438637
1445,-0.9300084204625153
1446,-0.9175956359719645
1447,-1.0860171802537062
1448,-0.858448261692571
1449,-0.8618039709278174
1450,-0.9052712075917989
1451,-0.9216924585444756
1452,-1.0835129410544833
1453,-1.0458400517982946
1454,-0.9003871860254646
1455,-0.7034841399842248
1456,-1.118186109232791
1457,-0.8445209880921609
1458,-1.1220725940793779
1459,-1.128560131161298
1460,-1.091910912621175
1461,-0.9999999999999964
1462,-0.9424910461269993
1463,-0.5268238846193314
1464,-0.993040046660955
1465,0.20687325981319238
1466,-0.4909651208299102
1467,-1.0622036120011722
1468,-1.0115360387787635
1469,-0.8132266548715809
1470,-0.7457339804442903
1471,-0.6496130740365369
1472,-0.9133624679569968
1473,-0.9016071504504654
1474,-0.817214984664802
1475,-0.9716012016929212
1476,-0.8625547805368742
1477,-1.0117563334677426
1478,-0.5213218752249031
1479,-1.0104122225145598
1480,-1.1751322784493956
1481,-0.9999999999999847
1482,-1.0143814311776522
1483,-0.7862202794733474
1484,-1.0071768785209072
1485,-0.9999999999999999
1486,-0.9712274170553074
1487,-1.0135874756596608
1488,-0.9497137295005595
1489,-0.9175277197011781
1490,0.024212293771778137
1491,-0.7764138460510137
1492,-0.9999999999999906
1493,-0.8981229055258452
1494,-1.1043998942443958
1495,-1.0023204522239422
1496,-0.7863313740165225
1497,-0.6920692807786506
1498,-1.0461961642470115
1499,-1.054095001447824
1500,-0.9185896156498801
1501,-1.1570963604140772
1502,-0.8057119745047558
1503,-0.8316313538428524
1504,-1.0053563320016634
1505,-1.186540086440474
1506,-1.1021035926282265
1507,-1.1171541157219826
1508,-0.8886132219499188
1509,-0.9434192654420087
1510,-1.0481063726940112
1511,-0.14161457755287277
1512,-1.093108621922301
1513,-0.8687826004653835
1514,-1.0243838687372577
1515,-0.9999999999999813
1516,0.5252238266906797
1517,-0.9999999999999866
1518,-1.067007682572577
1519,0.293856220060815
1520,-1.031038913072704
1521,-1.0386364882929506
1522,-0.9999999999999872
1523,-0.8123429271383829
1524,-0.9143230586277559
1525,-0.8462509811193341
1526,-1.019681364088396
1527,-1.0786504391605976
1528,-0.7425469702588723
1529,-0.87634845512985
1530,-0.6043938628390857
1531,-1.2023954645204158
1532,-0.9387623383853244
1533,-0.9429273292649076
1534,-1.0098631737622965
1535,-0.9999999999999799
1536,-0.987397873357715
1537,-0.8469343421157578
1538,0.038689957798633934
1539,-0.5507341516912216
1540,-1.0000000000000169
1541,-0.4689719709519878
1542,-0.7863312369721975
1543,-0.9835001746788617
1544,-0.9838922051694738
1545,-0.7873022225564044
1546,-0.7635928462756927
1547,-0.47316014202175627
1548,-1.0518073065511653
1549,-1.0766302587023027
1550,-0.41416143153946394
1551,-0.964345034359079
1552,-1.012187612465306
1553,-1.0751757070314056
1554,-0.8875925896683456
1555,-0.48989254352039785
1556,-0.9455287864807936
1557,-1.0295373278021853
1558,-1.0080548515480792
1559,-0.603298576455757
1560,-0.9996784589864699
1561,-0.8398802928284319
1562,-0.9516813834076504
1563,-0.5165416813909502
1564,-0.9378840098134216
1565,-0.6628747479299177
1566,-0.9078112481493883
1567,0.5155889031703249
1568,-0.9668773524575843
1569,-0.6656379831803169
1570,-0.6897620748525082
1571,-0.5668248821001443
1572,-0.053160813115650685
1573,-0.957697752291454
1574,-1.0544153192727441
1575,-1.1042016881933339
1576,-1.0000000000000013
1577,-0.9999999999999803
1578,-1.0123008080617886
1579,-1.1652871782276748
1580,-0.35965289829928837
1581,-0.5919665672644656
1582,-1.0677460753619181
1583,-1.219649864801931
1584,-0.9249395012468412
1585,-0.9794118636730883
1586,-1.1895370016054418
1587,-1.0000000000000222
1588,-1.0223458778621763
1589,-0.832574986977745
1590,-1.1084896672955786
1591,-1.0128361464017757
1592,-1.0582760108337639
1593,-0.9703149541987649
1594,0.8775385411376699
1595,-0.9450606499438109
1596,-0.6577505880299719
1597,-0.999999999999999
1598,-1.0438253759676797
1599,-1.089650887932073
1600,-1.0465762075552656
1601,-0.7713099966922663
1602,-1.0440816864042612
1603,-0.9164323468658627
1604,-1.0907155613613397
1605,-0.980130874919497
1606,-1.0719502831342265
1607,-1.0382360549549725
1608,-1.0731582516906228
1609,-0.7900074028856737
1610,-0.9043679630906102
1611,-0.9197976539795558
1612,-0.7518969630429737
1613,-0.809509477260241
1614,-0.9077237125684191
1615,-1.0868431466185817
1616,-0.8629030160167014
1617,-1.0087362613967392
1618,-0.5168195478063442
1619,-0.8636132058911197
1620,-0.8264189982146883
1621,-1.0762159851676896
1622,-0.9445536072175589
1623,-0.8147795811260906
1624,-1.12770821592731
1625,-0.6550653369166922
1626,-0.9999999999999964
1627,-0.9999999999999672
1628,-0.828683886471004
1629,-0.9999999999999767
1630,-0.8132266548715809
1631,-0.9999999999999951
1632,-0.9741226295246962
1633,-1.000000000000027
1634,-1.030772381646237
1635,-1.095670806873803
1636,-0.8398887701840864
1637,-0.9112319719276774
1638,-1.0636876488057687
1639,-0.9604793685126729
1640,-1.12755024354946
1641,-0.8626340467202527
1642,-0.9379943426927373
1643,-0.9999999999999767
1644,-0.8623621118407603
1645,-0.9480945030950386
1646,-0.9340650601671422
1647,-0.6000064635584019
1648,-0.7656074809057987
1649,-0.2588721632835227
1650,-0.9999999999999941
1651,-0.43471256374711464
1652,-0.6967407819577843
1653,-1.0227593952045502
1654,-0.9999999999999931
1655,-0.9572437092101309
1656,-0.8609653891279071
1657,-0.7568959560230625
1658,-0.8725962131458842
1659,-0.999999999999986
1660,-0.9724575257028696
1661,-1.0662171547691133
1662,-0.9999999999999968
1663,0.49205845969887707
1664,-0.9630304830559352
1665,-0.8230739929026292
1666,-0.9763367727769732
1667,-1.0326183264498505
1668,-0.9999999999999757
1669,-1.1119172678338702
1670,-1.1935076471993562
1671,-1.1115540048860508
1672,-1.1535462332806805
1673,-1.2019227431865513
1674,-0.7997094745510498
1675,-0.9999999999999907
1676,-1.0032847064993056
1677,-1.225061417672467
1678,-1.1847939821406293
1679,-1.0734165988426678
1680,-1.0419856650526425
1681,-1.0634020200666845
1682,-1.1721167230424223
1683,-1.0233908930266475
1684,-1.0440831132119288
1685,-1.0395504576005843
1686,-1.134659954326328
1687,-0.9899909283617823
1688,-0.07236497292427935
1689,-0.9291761859665969
1690,-1.178978251351483
1691,-0.8316313538428524
1692,0.8465284751265605
1693,-0.8954848354141438
1694,-0.8640101276653083
1695,-0.9849637073739544
1696,-0.8124277403393556
1697,-0.9574897173469668
1698,-1.1937633540904544
1699,-1.0314214206479544
1700,-0.999999999999998
1701,-0.7550310841915693
1702,-0.7584429851421587
1703,-0.9999999999999828
1704,-0.38553764726008954
1705,-1.0947483470865635
1706,-0.20579843487711613
1707,-0.9974103761459937
1708,-0.9874473761329212
1709,-0.9160616582917223
1710,-0.29781231216019066
1711,-0.7222365783774429
1712,-0.9999999999999848
1713,-0.7202522784630382
1714,-1.1306693575612194
1715,-0.8750028187875469
1716,-1.10668628909203
1717,-1.0570133549260337
1718,-0.5925501798125818
1719,-1.1040982676837703
1720,-0.7939608298702598
1721,-1.0504988579834043
1722,-0.9999999999999803
1723,-1.000000000000001
1724,-1.0057146477761916
1725,-1.1160760462719892
1726,-1.0231141550277287
1727,-1.0796648583138326
1728,-0.8691222615690435
1729,-1.1435742867523861
1730,-1.1624685332790756
1731,-0.9929137143724248
1732,-1.1685260685044012
1733,-1.1793915353224529
1734,-1.0419497529807031
1735,-0.8185785725404492
1736,-1.1827778322667097
1737,-1.0432332515645255
1738,-1.150183342823797
1739,-0.9564586646641828
1740,-0.9999999999999927
1741,-0.9999999999999867
1742,-0.9840404693482335
1743,0.45233347913370703
1744,0.22318838565642185
1745,-0.07786311286459724
1746,-0.9999999999999744
1747,-0.9443516617568831
1748,-0.9999999999999836
1749,-0.8858888387134574
1750,-0.8607749529208767
1751,-1.164830346942621
1752,-0.9607451284703176
1753,-0.14533233501900789
1754,-1.143589824623021
1755,-1.0643013672052857
1756,-0.9999999999999951
1757,-0.2909323697656838
1758,-1.0325778692907757
1759,-1.0721691074221633
1760,-1.1518360651713802
1761,-0.6193272010715887
1762,-0.5600311938629707
1763,-0.03100036597301492
1764,-0.9999999999999859
1765,0.8193308379065878
1766,-1.0000000000000293
1767,0.755117181973797
1768,-0.890403709936726
1769,-0.6036244861803213
1770,-0.9637129932829369
1771,-1.044882257178711
1772,-0.19782211132682892
1773,-0.39182771231086544
1774,-1.0676060251759565
1775,0.5446871124154671
1776,-0.9735383521196299
1777,-1.0515210111631748
1778,-1.0618935594900984
1779,-1.111706457287078
1780,-0.6171739676396404
1781,-0.9840404693482335
1782,-0.9168301610716643
1783,-0.9999999999999785
1784,0.3516808239475897
1785,0.016864181752027863
1786,-0.9478601729996573
1787,-0.8906577691957289
1788,-0.967391515316156
1789,-1.0016206224467246
1790,-1.0000000000000013
1791,-0.9903799213002227
1792,-1.086212035970776
1793,-1.0330046037236589
1794,-0.9999999999999849
1795,-0.977050081823598
1796,-1.0008156878515275
1797,-0.5467312264475637
1798,-0.9999999999999838
1799,0.40726372346381123
1800,0.04711764811508079
1801,-0.9040668972998753
1802,-0.86126410807296
1803,-0.6826432205628825
1804,0.07724595041580185
1805,-0.019849597507015426
1806,-1.0963979740441299
1807,-1.0649341536940988
1808,-1.1822996565615835
1809,-0.9999999999999806
1810,-0.9160616582917223
1811,-0.10358478712444219
1812,-0.9196155773135325
1813,-0.2783379360206746
1814,-0.29655765358622443
1815,-1.02116424235912
1816,-0.9999999999999682
1817,-1.1611943299373784
1818,-1.003167683202327
1819,-1.084379572888302
1820,0.9999999999999964
1821,-0.9395574538523366
1822,-0.015491083598459188
1823,-0.3909819002326689
1824,-0.9999999999999836
1825,-0.3224653659088147
1826,-0.3224653659088147
1827,-1.1807498439880206
1828,-1.0647747189491363
1829,-0.043834009118497996
1830,-0.44156868545914285
1831,-0.9046984243278859
1832,1.0000000000000073
1833,-0.6550653369166922
1834,-0.9660853831234474
1835,-0.9127103851307906
1836,-0.9999999999999918
1837,-0.4070229404710496
1838,-0.9999999999999787
1839,0.26112226334789645
1840,-0.6526265050561691
1841,-1.113869484342973
1842,-0.8724369048343907
1843,-1.023049675101246
1844,-0.86516797538942
1845,-0.9999999999999883
1846,-0.8026144095152161
1847,-0.6522298498526966
1848,-0.7297421696048083
1849,-1.0815213482494013
1850,-1.122514253120872
1851,-0.3245463473830832
1852,-1.0322002891321134
1853,-1.0554626009714123
1854,-1.2260395785527902
1855,-0.8660183744261807
1856,0.20489198457313162
1857,-0.598260809813073
1858,-1.0244432646372807
1859,-1.0306200237384244
1860,-0.9141461894586682
1861,-0.9997705658870631
1862,-0.262869358699948
1863,-0.8041706754142406
1864,-0.9999999999999454
1865,0.8576892218195127
1866,-0.858448261692571
1867,-0.9999999999999915
1868,-0.6516341452702612
1869,-0.9999999999999816
1870,0.48667497370463586
1871,-0.9999999999999964
1872,-0.1367505979882514
1873,-0.6706416020512684
1874,-1.0579855065439836
1875,-0.9999999999999784
1876,-0.5497468174729967
1877,-0.7458674914957546
1878,-0.939265126242338
1879,-0.8955122420961651
1880,-0.9999999999999871
1881,-1.035332198762089
1882,-1.3019880476667238
1883,-0.8698657516983368
1884,-1.0918872805083666
1885,-0.9285886528811433
1886,-0.5384715358671165
1887,-1.0639626102144049
1888,-1.0204279418071875
1889,-1.0111348881854454
1890,-1.000000000000006
1891,-1.1278485714527962
1892,-0.8293799222060201
1893,-1.0131769355027713
1894,-0.8103633528014099
1895,-1.1421601015880276
1896,-0.9999999999999875
1897,0.6408681240867646
1898,-1.0959438731358613
1899,-0.44156868545914285
1900,0.1925016019886261
1901,-1.0753810561854626
1902,-0.19322795402762583
1903,-0.7703409243375003
1904,0.42914846522156846
1905,0.01313682271726302
1906,-0.9999999999999999
1907,-0.9880815817501574
1908,-0.5975464497009249
1909,-0.9999999999999978
1910,1.0000000000000164
1911,-0.9999999999999826
1912,1.0000000000000144
1913,0.9999999999999953
1914,-0.999999999999982
1915,-0.8764919766707232
1916,-0.939265126242338
1917,-0.7717294989953685
1918,-0.6846235698363484
1919,-0.10358478712444219
1920,-0.9999999999999744
1921,-1.1948344948747152
1922,-1.086127281220967
1923,-0.9036671631401716
1924,-0.9764543476357951
1925,-1.073764255030634
1926,-1.0000000000000073
1927,-1.0000000000000222
1928,-0.8112022966978852
1929,-1.084776399661419
1930,-0.9995939481763837
1931,-1.015553657882252
1932,-1.240586537554844
1933,-1.0739475769280178
1934,-0.9999999999999941
1935,0.18129310668074194
1936,1.0000000000000089
1937,-0.9999999999999805
1938,-1.151668335138371
1939,-0.9999999999999971
1940,-0.9999999999999772
1941,-0.0031244472149128955
1942,-0.5790724195429592
1943,-1.1475994600190322
1944,-1.1130327347626006
1945,-1.022380543025931
1946,-0.9999999999999678
1947,-0.9999999999999863
1948,-0.8486196500121218
1949,-0.9999999999999993
1950,-0.9204901738910257
1951,-1.0168262427505539
1952,0.3523146131512269
1953,-1.1031611768566219
1954,-1.0942992134965936
1955,-1.1921720389889128
1956,-1.0531427941895617
1957,-0.9999999999999896
1958,-1.0000000000000029
1959,-1.1128254022064645
1960,-1.2241599904431995
1961,-1.1550560637322713
1962,-1.0345586296158793
1963,-1.0045585371166696
1964,-0.9304188578639447
1965,-0.9999999999999933
1966,-0.9999999999999873
1967,-0.8861350014850154
1968,-0.9999999999999735
1969,-1.1021492217620112
1970,-1.2639200233608705
1971,-1.24099433183325
1972,-1.1825924118566464
1973,-0.9385322719996422
1974,-0.7719580062482126
1975,-1.1995313016724607
1976,-1.1118220374539716
1977,-1.019535527510859
1978,-0.44917592932196265
1979,-1.2319110621730132
1980,-0.6698810476926265
1981,-1.0507510074396806
1982,-0.9953095986376936
1983,-0.8612686823680612
1984,-0.9094931110472613
1985,-1.1110086266614452
1986,0.16726615245333631
1987,0.16477726822065408
1988,-0.7814793115185139
1989,-0.3766525478185424
1990,-0.9483720871290403
1991,-0.518433892886333
1992,-0.891676994563237
1993,-1.0097903090749507
1994,-1.046283421024236
1995,-1.0624922002669432
1996,-0.9902427262792949
1997,-0.6570961032704523
1998,-1.0526628937547955
1999,0.09602124527191913
2000,-1.0091467986501412
